Original Axes:
x: 1 0 0
y: 0 1 0
z: 0 0 1
Direct Vector: 0.57735 0.57735 0.57735
Rotated Axes:
x:    0.4854  0.499787 -0.717356
y: -0.141262  0.854552  0.499787
z:  0.862805 -0.141262    0.4854
Rotated Direct: 0.696829  0.70037 0.154632
Adjusted Axes:
x:     0.902081     0.431566 -1.66533e-16
y:   -0.431566    0.902081 1.11022e-16
z: -0 -0  1
Adjusted Direct: 0.271652 0.769982  0.57735
